function [ xy1, xy2] = FakeCorrespondences( file1, file2, numPoints )

xy1 = [ 512.4003  615.0794  567.2290  474.5187;
         84.4875  143.3037  188.1636  129.3474;
            1        1         1         1    ];


xy2 = [ 233.9059  334.4347  289.6446  200.0645 ;
         86.7208  147.4362  186.2543  131.5109 ;
           1         1         1         1    ];

end