function [ xy1, xy2] = FakeCorrespondences( )
%FakeCorrespondences Dummy values for testing manual method
%%% Julian Anthony Brackins   %%%
%%% CSC 514 - Computer Vision %%%
%%% Project 2                 %%%

xy1 = [ 512.4003  615.0794  567.2290  474.5187;
         84.4875  143.3037  188.1636  129.3474;
            1        1         1         1    ];


xy2 = [ 233.9059  334.4347  289.6446  200.0645 ;
         86.7208  147.4362  186.2543  131.5109 ;
           1         1         1         1    ];

% xy1 = [231.2788  184.4252  235.2664  330.9673;
% 87.4782  241.9953  439.3785  144.3006;
% 1.0000    1.0000    1.0000    1.0000];
% 
% 
% xy2 = [514.5902  461.8375  511.6042  609.1470;
% 83.7348  241.9930  440.0645  146.4409;
% 1.0000    1.0000    1.0000    1.0000];

end